-9.875000000000000444e-01
-9.625000000000000222e-01
-9.375000000000000000e-01
-9.124999999999999778e-01
-8.874999999999999556e-01
-8.624999999999999334e-01
-8.374999999999999112e-01
-8.124999999999998890e-01
-7.874999999999998668e-01
-7.624999999999998446e-01
-7.374999999999998224e-01
-7.124999999999998002e-01
-6.874999999999997780e-01
-6.624999999999997558e-01
-6.374999999999997335e-01
-6.124999999999997113e-01
-5.874999999999996891e-01
-5.624999999999996669e-01
-5.374999999999996447e-01
-5.124999999999996225e-01
-4.874999999999995448e-01
-4.624999999999995226e-01
-4.374999999999995004e-01
-4.124999999999994782e-01
-3.874999999999994560e-01
-3.624999999999994338e-01
-3.374999999999994116e-01
-3.124999999999993894e-01
-2.874999999999993672e-01
-2.624999999999993450e-01
-2.374999999999993228e-01
-2.124999999999993006e-01
-1.874999999999992784e-01
-1.624999999999992562e-01
-1.374999999999992339e-01
-1.124999999999992256e-01
-8.749999999999920341e-02
-6.249999999999918121e-02
-3.749999999999915901e-02
-1.249999999999913680e-02
1.249999999999999722e-02
3.749999999999999861e-02
6.250000000000000000e-02
8.750000000000000833e-02
1.125000000000000028e-01
1.375000000000000111e-01
1.625000000000000333e-01
1.875000000000000000e-01
2.125000000000000222e-01
2.374999999999999889e-01
2.625000000000000111e-01
2.875000000000000333e-01
3.125000000000000555e-01
3.375000000000000222e-01
3.625000000000000444e-01
3.875000000000000111e-01
4.125000000000000333e-01
4.375000000000000555e-01
4.625000000000000222e-01
4.875000000000000444e-01
5.124999999999999556e-01
5.374999999999999778e-01
5.625000000000000000e-01
5.875000000000000222e-01
6.125000000000000444e-01
6.374999999999999556e-01
6.624999999999999778e-01
6.875000000000000000e-01
7.125000000000000222e-01
7.375000000000000444e-01
7.624999999999999556e-01
7.874999999999999778e-01
8.125000000000000000e-01
8.375000000000000222e-01
8.625000000000000444e-01
8.874999999999999556e-01
9.124999999999999778e-01
9.375000000000000000e-01
9.625000000000000222e-01
9.875000000000000444e-01
