-9.949999999999999956e-01
-9.849999999999999867e-01
-9.749999999999999778e-01
-9.649999999999999689e-01
-9.549999999999999600e-01
-9.449999999999999512e-01
-9.349999999999999423e-01
-9.249999999999999334e-01
-9.149999999999999245e-01
-9.049999999999999156e-01
-8.949999999999999067e-01
-8.849999999999998979e-01
-8.749999999999998890e-01
-8.649999999999998801e-01
-8.549999999999998712e-01
-8.449999999999998623e-01
-8.349999999999998535e-01
-8.249999999999998446e-01
-8.149999999999998357e-01
-8.049999999999998268e-01
-7.949999999999998179e-01
-7.849999999999998090e-01
-7.749999999999998002e-01
-7.649999999999997913e-01
-7.549999999999997824e-01
-7.449999999999997735e-01
-7.349999999999997646e-01
-7.249999999999997558e-01
-7.149999999999997469e-01
-7.049999999999997380e-01
-6.949999999999997291e-01
-6.849999999999997202e-01
-6.749999999999997113e-01
-6.649999999999997025e-01
-6.549999999999996936e-01
-6.449999999999996847e-01
-6.349999999999996758e-01
-6.249999999999996669e-01
-6.149999999999996581e-01
-6.049999999999996492e-01
-5.949999999999996403e-01
-5.849999999999996314e-01
-5.749999999999996225e-01
-5.649999999999996136e-01
-5.549999999999996048e-01
-5.449999999999995959e-01
-5.349999999999995870e-01
-5.249999999999995781e-01
-5.149999999999995692e-01
-5.049999999999995604e-01
-4.949999999999995515e-01
-4.849999999999995426e-01
-4.749999999999995337e-01
-4.649999999999995248e-01
-4.549999999999995159e-01
-4.449999999999995071e-01
-4.349999999999994982e-01
-4.249999999999994893e-01
-4.149999999999994804e-01
-4.049999999999994715e-01
-3.949999999999994627e-01
-3.849999999999994538e-01
-3.749999999999994449e-01
-3.649999999999994360e-01
-3.549999999999994271e-01
-3.449999999999994182e-01
-3.349999999999994094e-01
-3.249999999999994005e-01
-3.149999999999993916e-01
-3.049999999999993827e-01
-2.949999999999993738e-01
-2.849999999999993650e-01
-2.749999999999993561e-01
-2.649999999999993472e-01
-2.549999999999993383e-01
-2.449999999999993294e-01
-2.349999999999993205e-01
-2.249999999999993117e-01
-2.149999999999993028e-01
-2.049999999999992939e-01
-1.949999999999992850e-01
-1.849999999999992761e-01
-1.749999999999992673e-01
-1.649999999999992584e-01
-1.549999999999992495e-01
-1.449999999999992406e-01
-1.349999999999992317e-01
-1.249999999999992228e-01
-1.149999999999992140e-01
-1.049999999999992051e-01
-9.499999999999919620e-02
-8.499999999999918732e-02
-7.499999999999917843e-02
-6.499999999999916955e-02
-5.499999999999916761e-02
-4.499999999999915873e-02
-3.499999999999914985e-02
-2.499999999999914096e-02
-1.499999999999913208e-02
-4.999999999999123201e-03
4.999999999999997502e-03
1.499999999999999771e-02
2.499999999999999792e-02
3.499999999999999639e-02
4.499999999999999833e-02
5.500000000000000028e-02
6.500000000000000222e-02
7.500000000000001110e-02
8.499999999999999223e-02
9.500000000000000111e-02
1.050000000000000100e-01
1.149999999999999911e-01
1.250000000000000000e-01
1.350000000000000089e-01
1.450000000000000178e-01
1.549999999999999989e-01
1.650000000000000078e-01
1.750000000000000167e-01
1.849999999999999978e-01
1.950000000000000067e-01
2.050000000000000155e-01
2.149999999999999967e-01
2.250000000000000056e-01
2.350000000000000144e-01
2.449999999999999956e-01
2.550000000000000044e-01
2.650000000000000133e-01
2.750000000000000222e-01
2.850000000000000311e-01
2.949999999999999845e-01
3.049999999999999933e-01
3.150000000000000022e-01
3.250000000000000111e-01
3.350000000000000200e-01
3.450000000000000289e-01
3.550000000000000377e-01
3.649999999999999911e-01
3.750000000000000000e-01
3.850000000000000089e-01
3.950000000000000178e-01
4.050000000000000266e-01
4.150000000000000355e-01
4.249999999999999889e-01
4.349999999999999978e-01
4.450000000000000067e-01
4.550000000000000155e-01
4.650000000000000244e-01
4.750000000000000333e-01
4.849999999999999867e-01
4.949999999999999956e-01
5.050000000000000044e-01
5.150000000000000133e-01
5.250000000000000222e-01
5.350000000000000311e-01
5.450000000000000400e-01
5.550000000000000488e-01
5.650000000000000577e-01
5.750000000000000666e-01
5.849999999999999645e-01
5.949999999999999734e-01
6.049999999999999822e-01
6.149999999999999911e-01
6.250000000000000000e-01
6.350000000000000089e-01
6.450000000000000178e-01
6.550000000000000266e-01
6.650000000000000355e-01
6.750000000000000444e-01
6.850000000000000533e-01
6.950000000000000622e-01
7.050000000000000711e-01
7.149999999999999689e-01
7.249999999999999778e-01
7.349999999999999867e-01
7.449999999999999956e-01
7.550000000000000044e-01
7.650000000000000133e-01
7.750000000000000222e-01
7.850000000000000311e-01
7.950000000000000400e-01
8.050000000000000488e-01
8.150000000000000577e-01
8.250000000000000666e-01
8.350000000000000755e-01
8.449999999999999734e-01
8.549999999999999822e-01
8.649999999999999911e-01
8.750000000000000000e-01
8.850000000000000089e-01
8.950000000000000178e-01
9.050000000000000266e-01
9.150000000000000355e-01
9.250000000000000444e-01
9.350000000000000533e-01
9.450000000000000622e-01
9.550000000000000711e-01
9.649999999999999689e-01
9.749999999999999778e-01
9.849999999999999867e-01
9.949999999999999956e-01
