-9.749999999999999778e-01
-9.249999999999999334e-01
-8.749999999999998890e-01
-8.249999999999998446e-01
-7.749999999999998002e-01
-7.249999999999997558e-01
-6.749999999999997113e-01
-6.249999999999996669e-01
-5.749999999999996225e-01
-5.249999999999995781e-01
-4.749999999999995337e-01
-4.249999999999994893e-01
-3.749999999999994449e-01
-3.249999999999994005e-01
-2.749999999999993561e-01
-2.249999999999993394e-01
-1.749999999999992950e-01
-1.249999999999992506e-01
-7.499999999999920619e-02
-2.499999999999915831e-02
2.499999999999999792e-02
7.499999999999999722e-02
1.250000000000000000e-01
1.750000000000000167e-01
2.250000000000000056e-01
2.750000000000000222e-01
3.250000000000000666e-01
3.750000000000000555e-01
4.250000000000000444e-01
4.750000000000000333e-01
5.250000000000000222e-01
5.750000000000000666e-01
6.250000000000001110e-01
6.750000000000000444e-01
7.250000000000000888e-01
7.750000000000000222e-01
8.250000000000000666e-01
8.750000000000001110e-01
9.250000000000000444e-01
9.750000000000000888e-01
